146,28.0
282,22.3
69,12.0
378,38.0
331,33.8
257,19.4
310,38.1
328,30.0
125,20.0
108,20.0
55,27.0
212,16.5
234,24.5
103,11.0
289,16.9
355,33.7
276,21.6
75,14.0
114,26.0
305,28.4
166,13.0
134,16.0
60,20.0
386,25.0
309,41.5
38,14.0
340,25.8
255,25.1
169,20.0
66,17.0
123,20.0
358,31.6
77,22.0
142,26.0
164,21.0
318,29.8
53,31.0
91,13.0
188,16.0
6,14.0
1,15.0
329,44.6
319,31.3
136,16.0
233,29.0
232,16.0
371,29.0
137,13.0
221,17.5
107,18.0
148,26.0
10,15.0
26,10.0
46,22.0
317,34.3
360,30.7
365,20.2
192,22.0
181,33.0
61,21.0
15,22.0
147,24.0
278,31.5
5,15.0
79,26.0
161,16.0
7,14.0
368,27.0
20,25.0
324,40.8
248,36.1
266,30.0
286,17.6
223,15.5
101,23.0
65,14.0
56,26.0
262,19.2
216,31.5
220,33.5
256,20.5
301,34.2
193,24.0
57,24.0
8,14.0
300,23.9
173,24.0
357,32.9
303,31.8
243,21.5
236,25.5
64,15.0
242,21.5
152,19.0
387,38.0
82,23.0
345,35.1
178,23.0
144,31.0
247,39.4
90,12.0
172,25.0
21,24.0
206,26.5
350,34.7
306,28.8
50,28.0
288,18.2
394,44.0
93,14.0
230,15.5
218,36.0
219,25.5
291,19.2
388,26.0
22,25.0
392,27.0
202,17.5
397,31.0
160,17.0
143,26.0
346,32.3
67,11.0
226,20.5
214,13.0
12,15.0
102,26.0
308,33.5
344,39.0
321,32.2
17,21.0
155,15.0
177,23.0
30,28.0
115,15.0
314,26.4
104,12.0
362,24.2
231,15.5
170,23.0
117,29.0
393,27.0
121,15.0
175,29.0
113,21.0
296,27.4
138,14.0
271,23.2
128,15.0
157,15.0
295,35.7
277,16.2
135,18.0
34,16.0
376,37.0
35,17.0
201,18.5
98,16.0
86,14.0
249,19.9
183,25.0
285,17.0
389,22.0
217,30.0
361,25.4
109,21.0
47,19.0
381,36.0
252,19.2
283,20.2
74,13.0
139,14.0
379,36.0
254,20.2
198,33.0
29,27.0
284,20.6
356,32.4
52,30.0
332,29.8
348,37.7
27,11.0
2,18.0
320,37.0
158,16.0
200,18.0
373,24.0
208,13.0
140,14.0
222,17.0
241,22.0
270,21.1
274,20.3
225,17.5
36,19.0
261,18.1
251,20.2
24,21.0
263,17.7
45,18.0
227,19.0
131,32.0
94,13.0
112,19.0
168,23.0
273,23.9
327,36.4
41,14.0
18,27.0
280,21.5
80,22.0
235,26.0
237,30.5
72,15.0
13,14.0
334,23.7
215,13.0
383,38.0
333,32.7
162,15.0
105,13.0
163,18.0
84,27.0
191,22.0
395,32.0
119,20.0
240,30.5
190,14.5
210,19.0
372,27.0
111,18.0
151,31.0
159,14.0
154,15.0
16,18.0
265,17.5
76,18.0
110,22.0
322,46.6
207,20.0
338,27.2
141,29.0
239,30.0
391,36.0
4,17.0
97,18.0
14,24.0
62,13.0
238,33.5
68,13.0
315,24.3
250,19.4
196,24.5
156,16.0
370,31.0
304,37.3
19,26.0
228,18.5
302,34.5
3,16.0
311,32.1
127,19.0
78,21.0
186,27.0
297,25.4
377,31.0
390,32.0
184,25.0
352,29.9
81,28.0
260,18.6
11,14.0
299,27.2
87,13.0
268,27.2
37,18.0
380,36.0
59,23.0
42,12.0
272,23.8
51,30.0
211,16.5
313,28.0
312,37.2
326,43.4
124,11.0
224,15.0
63,14.0
298,23.0
132,25.0
189,15.5
23,26.0
44,13.0
0,18.0
203,29.5
335,35.0
99,18.0
385,38.0
180,25.0
258,20.6
95,12.0
366,17.6
96,13.0
347,37.0
171,24.0
70,13.0
307,26.8
49,23.0
209,19.0
281,19.8
229,16.0
150,26.0
145,32.0
182,28.0
